%YAML:1.0
---
camera_name: "17"
image_width: 640
image_height: 480
camera_matrix:
   rows: 3
   cols: 3
   data: [ 525., 0., 3.1950000000000000e+02, 0., 525.,
       2.3950000000000000e+02, 0., 0., 1. ]
local_transform:
   rows: 3
   cols: 4
   data: [ -1.46162510e-03, 5.99460006e-02, 9.98200655e-01,
       6.20153509e-02, -9.99999106e-01, -8.77380371e-05, -1.45888329e-03,
       -1.63501027e-04, -2.98023224e-08, -9.98201728e-01, 5.99459410e-02,
       4.28920656e-01 ]
